/* Generated DCT 8x8 Coefficients (Type II) */
/* Matrices will be placed onto adresses divisible by 64B in order to avoid false addresses, enhance efficienty of .D units, as well as Streaming Engine */
#include <stdint.h>

// DCT Matrix C (row-major)
const float __attribute__((aligned(64))) dct_matrix_c[64] = {
     0.3535534f,  0.3535534f,  0.3535534f,  0.3535534f,  0.3535534f,  0.3535534f,  0.3535534f,  0.3535534f, 
     0.4903926f,  0.4157348f,  0.2777851f,  0.0975452f, -0.0975452f, -0.2777851f, -0.4157348f, -0.4903926f, 
     0.4619398f,  0.1913417f, -0.1913417f, -0.4619398f, -0.4619398f, -0.1913417f,  0.1913417f,  0.4619398f, 
     0.4157348f, -0.0975452f, -0.4903926f, -0.2777851f,  0.2777851f,  0.4903926f,  0.0975452f, -0.4157348f, 
     0.3535534f, -0.3535534f, -0.3535534f,  0.3535534f,  0.3535534f, -0.3535534f, -0.3535534f,  0.3535534f, 
     0.2777851f, -0.4903926f,  0.0975452f,  0.4157348f, -0.4157348f, -0.0975452f,  0.4903926f, -0.2777851f, 
     0.1913417f, -0.4619398f,  0.4619398f, -0.1913417f, -0.1913417f,  0.4619398f, -0.4619398f,  0.1913417f, 
     0.0975452f, -0.2777851f,  0.4157348f, -0.4903926f,  0.4903926f, -0.4157348f,  0.2777851f, -0.0975452f, 
};

// Transposed DCT Matrix C^T (row-major)
const float __attribute__((aligned(64))) dct_matrix_c_T[64] = {
     0.3535534f,  0.4903926f,  0.4619398f,  0.4157348f,  0.3535534f,  0.2777851f,  0.1913417f,  0.0975452f, 
     0.3535534f,  0.4157348f,  0.1913417f, -0.0975452f, -0.3535534f, -0.4903926f, -0.4619398f, -0.2777851f, 
     0.3535534f,  0.2777851f, -0.1913417f, -0.4903926f, -0.3535534f,  0.0975452f,  0.4619398f,  0.4157348f, 
     0.3535534f,  0.0975452f, -0.4619398f, -0.2777851f,  0.3535534f,  0.4157348f, -0.1913417f, -0.4903926f, 
     0.3535534f, -0.0975452f, -0.4619398f,  0.2777851f,  0.3535534f, -0.4157348f, -0.1913417f,  0.4903926f, 
     0.3535534f, -0.2777851f, -0.1913417f,  0.4903926f, -0.3535534f, -0.0975452f,  0.4619398f, -0.4157348f, 
     0.3535534f, -0.4157348f,  0.1913417f,  0.0975452f, -0.3535534f,  0.4903926f, -0.4619398f,  0.2777851f, 
     0.3535534f, -0.4903926f,  0.4619398f, -0.4157348f,  0.3535534f, -0.2777851f,  0.1913417f, -0.0975452f, 
};
